0 1.19237792 -0.2628470865 -1.4579350799 -0.09717465732
1 1.0865654999999999 -0.31209612058100006 -1.31020975574 -0.09951727689999999
2 0.981712478 0.02330665769000002 0.08332869080000002 -0.065931424407
3 0.8854545970000001 -0.04767288675499999 1.6844710172400001 -0.075383722369
4 0.79862649 -0.2462763453 3.1454847473 -0.050481857193209995
5 0.719764325 -0.28835496917000003 4.68273613971 -0.0220886129843
6 0.647884096 -0.39121509120000003 6.49526043932 -0.023291666715000003
7 0.582197496 -0.397084266265 8.471603936969998 -0.011123415900000001
8 0.5222116 -0.36345540745 10.435510144641 -0.010563420939630003
9 0.467765432 -0.456687788404 12.6568466407 0.005142070527
10 0.41758545199999997 -0.32276370514 14.7607029341 0.012469282419
11 0.371044057 0.0235008448 16.6118174211 0.022343903300000002
12 0.327685469 -0.01802995104999997 17.23665795891 0.0241610184392
13 0.287858224 0.4082714869 17.2299242581 -0.00021530532000000008
14 0.252128354 0.49346592970000003 16.43697296965 0.0019237800179999994
15 0.218763114 0.44784982609999996 14.381151036684491 0.02072894609
16 0.189200457 0.24238328771 11.94413961137 0.008942087736
17 0.162036755 0.6697511141 9.1902483247 0.0003271818899999999
18 0.136366335 0.3534840171 6.1624342191 -0.0209482394483
19 0.1143888009 0.2238471825 3.46103221056 -0.02345448231
20 0.0953260914 0.2953728319 1.47076265723 -0.0008812767170000002
21 0.0797081477 0.22697077580799999 -0.42284011959999995 0.0007981048881000012
22 0.06716141299999999 0.270342733734 -2.04218578972 0.016344559980999998
23 0.056530405 0.16099472605 -3.46397906067 0.007013356029000001
24 0.0476591509 0.19424430974 -5.04439340425 -0.004017695631000001
25 0.0404416147 0.34989945085 -6.0686765739 0.0010674154140000005
26 0.0343214993 0.370426295224 -6.621934125 0.014544451005
27 0.0291916441 0.25849832597 -7.7390925434 0.01160192582
28 0.0248649333 0.17880953697400004 -8.622759347999999 0.010178016810000001
29 0.021188521600000003 0.10098491645 -9.2843487556 -0.003497250585
30 0.0180863902 0.15219697192 -10.484204072099999 -0.007618053257000001
31 0.015449275200000001 0.07479603070000002 -11.330370748 -4.4116360000000245e-05
32 0.0132260124 -0.023234241590000003 -11.92719595886 -0.01781643689
33 0.01133632544 0.010253490699999996 -12.7301176292 -0.0246491828084
34 0.009733558009999999 0.04343410037999999 -13.59366077939 0.004020107950000001
35 0.00837835155 -0.133766468678 -14.296970069 0.002634742946999999
36 0.0072180907100000006 0.0011007913799999844 -15.086438777900002 -0.004259713995
37 0.00622468153 -0.1372779832 -15.8794636805 0.028446401340600003
38 0.00537587408 -0.10341510120000001 -16.434529665099998 0.025966654484
39 0.0046518372899999995 -0.1635083785 -17.002180799959998 0.03126598346
40 0.00403021517 -0.13726686289899998 -18.051249796 0.025136928806569998
41 0.00350680337 -0.10827637621999998 -18.82543403298 0.030490383586
42 0.00305711821 -0.15085054080000002 -19.426857464199998 0.0074741063089999995
43 0.00266813612 -0.05041664517000001 -20.372272936469997 0.022253018158
44 0.0023299705300000003 0.273607386374 -20.653005019000002 -0.02515209771
45 0.0020345796800000002 0.07906427223 -21.982433842800003 -0.01844749868
46 0.0017902199 -0.09353973070000003 -21.1591942847 -0.055143969434
47 0.0015758715000000001 -0.5349289418 -21.102373941099998 -0.012338160259999998
48 0.0013876850300000001 -0.5880403131 -20.485470567 0.046726633416
49 0.0012226942759999998 -0.36570569832 -20.1967630368 0.025046376478999998
50 0.001076923257 -0.3719797076 -20.5466451023 0.015010067387000003
51 0.000954256067 -0.29276038046 -19.4866687755 0.0106294054
52 0.000845292471 -0.5815001176000001 -17.727321080000003 0.028241684540000003
53 0.000748102717 -0.55790797838 -15.634272812799999 0.037881574097
54 0.000660887281 -0.21540429311999998 -13.5765060804 -0.008167742988999999
55 0.000584615208 0.12390367365000002 -12.3764709847 0.02012016192
56 0.000518134533 0.19157062190000002 -9.798858147799999 0.0373344204
57 0.00045882323800000005 0.19749876217000004 -8.233203853456 0.087369412227
58 0.000405919721 -0.056586483359999995 -6.1225020922 0.005857998330000001
59 0.000359076717 -0.10719367849999996 -3.5886167860000002 -0.03154537507
60 0.000316591722 0.12185056688 -1.5830725482 -0.007883685861999995
61 0.00027915957 -0.3165862516 0.13336745899999997 -0.02866264012
62 0.000246110154 -0.37490073872999996 2.0181865514 -0.0004115201200000002
63 0.00021629161899999999 -0.56527691212 4.196298838 0.008336732022999997
64 0.000189951138 -0.74832825674 5.9130779697 0.021316751299999995
65 0.00016678910699999998 -0.7164043265200001 8.15564422512 0.0034184857100000026
66 0.0001460333384 -0.5055644023 8.6032754557 0.021640857570999997
67 0.0001278544493 -0.10285637589999998 9.374018958999999 0.011387357300000001
68 0.00011164550739999999 -0.12990084000000005 10.0905004694 0.027934542930000004
69 9.74262303e-05 -0.07246301078000002 11.040631273999999 0.06111153080000001
70 8.474305120000001e-05 0.13393319289999997 11.9991571697 0.09357282202
71 7.32914883e-05 0.06150666309999994 11.5334197908 0.08665374396999999
72 6.33125876e-05 0.35714661119999996 10.80244880043 0.04586036761
73 5.4687483100000006e-05 0.7896724015 10.73346569239 0.03280520286
74 4.71216742e-05 0.7574235314 10.2447188508 0.015378925270000003
75 4.05248207e-05 0.471272425 9.459708323000001 0.024804067058000003
76 3.47183546e-05 0.3001062135 9.488435374 0.03277384418999999
77 2.97755486e-05 0.22931265889999994 9.614728209799999 0.014554380669999997
78 2.5452973e-05 0.12830894020000003 9.429877267 -0.015801591942000006
79 2.17661024e-05 -0.05748157050000005 9.20148192011 -0.06902127505
80 1.85925961e-05 -0.828142218 8.7609056581 -0.04604594900999999
81 1.59268129e-05 -0.49650446749999994 9.544319534 -0.01525236386000001
82 1.362682699e-05 -0.6270519674 9.988895647 0.12949080031
83 1.166415523e-05 -0.5303649075 10.511334493 0.07898439349
84 9.962730399999999e-06 -1.1093761969999998 12.061086442199999 0.14724894424999999
85 8.514864109999998e-06 -0.77087037655 13.009983979000001 0.12956590714000002
86 7.22412679e-06 -1.1419850351999998 13.8123634191 0.09039740380199998
87 6.12578516e-06 -1.1362386923 14.26145083 0.0280195678
88 5.19201521e-06 -1.4741491657999999 14.896644542 0.03627956788000002
89 4.39751814e-06 -1.12583608 16.0898688107 0.11690458184999998
90 3.71188525e-06 -1.497314261 16.9860799457 0.17985676945
91 3.11233259e-06 -1.2559353801 18.79658296 0.26052733806
92 2.60702361e-06 -0.8547829503000001 19.9380224036 0.28641865812
93 2.1784875099999998e-06 -0.28880591794 21.870980574199997 0.16024793488999997
94 1.8216288000000001e-06 -0.49959808021999996 21.750653018599998 0.047705637
95 1.5178550540000001e-06 -0.8146264050207 23.117597777 0.09989132563999999
96 1.256467565e-06 -0.6395341633160001 23.27271044895 0.055251632498999996
97 1.038220646e-06 -0.005831686000000005 22.812240846 -0.003902811850000008
98 8.59305238e-07 -0.4576788926999999 21.955478511000003 -0.08769386739
99 7.13190831e-07 -0.10622962170000008 20.660223434 -0.09674721966000002
